Dynamic GRU Model v1 Test Accuracy: 68.42%
Best Validation Accuracy: 68.42%

Classification Report:
              precision    recall  f1-score   support

       drink       1.00      1.00      1.00         1
         eat       1.00      1.00      1.00         1
      friend       0.00      0.00      0.00         1
       hello       0.00      0.00      0.00         0
        help       0.00      0.00      0.00         0
        love       0.00      0.00      0.00         1
        more       0.00      0.00      0.00         1
        name       1.00      1.00      1.00         1
          no       1.00      0.50      0.67         2
      please       1.00      1.00      1.00         1
       sorry       1.00      1.00      1.00         2
        stop       0.00      0.00      0.00         2
      thanks       1.00      1.00      1.00         1
        want       0.67      1.00      0.80         2
         yes       1.00      1.00      1.00         3

    accuracy                           0.68        19
   macro avg       0.58      0.57      0.56        19
weighted avg       0.70      0.68      0.68        19

Confusion Matrix:
[[1 0 0 0 0 0 0 0 0 0 0 0 0 0 0]
 [0 1 0 0 0 0 0 0 0 0 0 0 0 0 0]
 [0 0 0 0 0 0 1 0 0 0 0 0 0 0 0]
 [0 0 0 0 0 0 0 0 0 0 0 0 0 0 0]
 [0 0 0 0 0 0 0 0 0 0 0 0 0 0 0]
 [0 0 1 0 0 0 0 0 0 0 0 0 0 0 0]
 [0 0 0 0 0 0 0 0 0 0 0 0 0 1 0]
 [0 0 0 0 0 0 0 1 0 0 0 0 0 0 0]
 [0 0 0 1 0 0 0 0 1 0 0 0 0 0 0]
 [0 0 0 0 0 0 0 0 0 1 0 0 0 0 0]
 [0 0 0 0 0 0 0 0 0 0 2 0 0 0 0]
 [0 0 0 0 2 0 0 0 0 0 0 0 0 0 0]
 [0 0 0 0 0 0 0 0 0 0 0 0 1 0 0]
 [0 0 0 0 0 0 0 0 0 0 0 0 0 2 0]
 [0 0 0 0 0 0 0 0 0 0 0 0 0 0 3]]