Static Model v2 Test Accuracy: 94.52%
Best Validation Accuracy: 94.37%

Classification Report:
              precision    recall  f1-score   support

           A       1.00      1.00      1.00        52
           B       1.00      1.00      1.00        52
           C       1.00      1.00      1.00        52
           D       1.00      1.00      1.00        53
           E       0.91      0.98      0.95        53
           F       1.00      1.00      1.00        52
           G       1.00      1.00      1.00        53
           H       1.00      1.00      1.00        53
           I       1.00      1.00      1.00        52
           K       1.00      1.00      1.00        52
           L       1.00      1.00      1.00        53
           M       0.82      0.54      0.65        52
           N       0.87      0.52      0.65        52
           O       0.98      0.98      0.98        52
           P       1.00      1.00      1.00        53
           Q       1.00      1.00      1.00        53
           R       0.98      1.00      0.99        52
           S       0.61      0.96      0.75        53
           T       1.00      1.00      1.00        52
           U       0.83      0.98      0.90        53
           V       1.00      0.79      0.88        53
           W       1.00      1.00      1.00        52
           X       0.84      0.92      0.88        53
           Y       1.00      1.00      1.00        53

    accuracy                           0.95      1260
   macro avg       0.95      0.94      0.94      1260
weighted avg       0.95      0.95      0.94      1260

Confusion Matrix:
[[52  0  0  0  0  0  0  0  0  0  0  0  0  0  0  0  0  0  0  0  0  0  0  0]
 [ 0 52  0  0  0  0  0  0  0  0  0  0  0  0  0  0  0  0  0  0  0  0  0  0]
 [ 0  0 52  0  0  0  0  0  0  0  0  0  0  0  0  0  0  0  0  0  0  0  0  0]
 [ 0  0  0 53  0  0  0  0  0  0  0  0  0  0  0  0  0  0  0  0  0  0  0  0]
 [ 0  0  0  0 52  0  0  0  0  0  0  0  0  1  0  0  0  0  0  0  0  0  0  0]
 [ 0  0  0  0  0 52  0  0  0  0  0  0  0  0  0  0  0  0  0  0  0  0  0  0]
 [ 0  0  0  0  0  0 53  0  0  0  0  0  0  0  0  0  0  0  0  0  0  0  0  0]
 [ 0  0  0  0  0  0  0 53  0  0  0  0  0  0  0  0  0  0  0  0  0  0  0  0]
 [ 0  0  0  0  0  0  0  0 52  0  0  0  0  0  0  0  0  0  0  0  0  0  0  0]
 [ 0  0  0  0  0  0  0  0  0 52  0  0  0  0  0  0  0  0  0  0  0  0  0  0]
 [ 0  0  0  0  0  0  0  0  0  0 53  0  0  0  0  0  0  0  0  0  0  0  0  0]
 [ 0  0  0  0  1  0  0  0  0  0  0 28  4  0  0  0  0 16  0  0  0  0  3  0]
 [ 0  0  0  0  0  0  0  0  0  0  0  4 27  0  0  0  0 16  0  0  0  0  5  0]
 [ 0  0  0  0  1  0  0  0  0  0  0  0  0 51  0  0  0  0  0  0  0  0  0  0]
 [ 0  0  0  0  0  0  0  0  0  0  0  0  0  0 53  0  0  0  0  0  0  0  0  0]
 [ 0  0  0  0  0  0  0  0  0  0  0  0  0  0  0 53  0  0  0  0  0  0  0  0]
 [ 0  0  0  0  0  0  0  0  0  0  0  0  0  0  0  0 52  0  0  0  0  0  0  0]
 [ 0  0  0  0  0  0  0  0  0  0  0  1  0  0  0  0  0 51  0  0  0  0  1  0]
 [ 0  0  0  0  0  0  0  0  0  0  0  0  0  0  0  0  0  0 52  0  0  0  0  0]
 [ 0  0  0  0  0  0  0  0  0  0  0  0  0  0  0  0  1  0  0 52  0  0  0  0]
 [ 0  0  0  0  0  0  0  0  0  0  0  0  0  0  0  0  0  0  0 11 42  0  0  0]
 [ 0  0  0  0  0  0  0  0  0  0  0  0  0  0  0  0  0  0  0  0  0 52  0  0]
 [ 0  0  0  0  3  0  0  0  0  0  0  1  0  0  0  0  0  0  0  0  0  0 49  0]
 [ 0  0  0  0  0  0  0  0  0  0  0  0  0  0  0  0  0  0  0  0  0  0  0 53]]